50001;40001;30001;03/12/2018;09:38:12;500.0;1
50002;40002;30002;03/12/2018;09:53:52;6.0;1
50003;40003;30001;03/12/2018;16:46:59;3.0;1
50004;40005;30003;03/12/2018;17:11:54;32.0;1
50005;40006;30002;03/12/2018;18:36:10;3.0;1
50006;40007;30002;03/12/2018;18:39:40;45.0;1
50007;40004;30001;03/12/2018;19:43:48;0.0;1
50008;40008;30002;04/12/2018;21:53:42;5.0;1
50009;40009;30003;03/12/2018;23:30:51;32.0;1
50010;40010;30001;04/12/2018;02:41:26;5.0;1
50011;40011;30003;04/12/2018;01:31:11;6.0;1
50012;40014;30003;06/09/2020;11:45:20;3.0;1
50013;40012;30001;09/09/2020;15:23:23;3.0;1
